# Steady-state benchmark for the `GOW` network (Gong, Ostriker & Wolfire 2017).
#
# Produced with Munan Gong's PDR code using the parameter set of Gong+2017,
# and used here as the reference any JAFF-generated GOW right-hand side is
# compared against.
#
# Conditions:
#   FUV field         chi   = 10      (Draine units)
#   metallicity       Z     = 1       (solar)
#   dust-to-gas ratio d2g   = 0.01    (solar)
#   cosmic-ray rate   zeta  = 2e-16   s^-1
#   visual extinction Av    = 0
#   redshift          z     = 0
#
# Each row is a thermal- and chemical-equilibrium state at fixed total hydrogen
# number density nH. Temperature is solved together with the chemistry, not
# imposed. The nH grid is logarithmic, 95 points from 10 to 981.28 cm^-3, and is
# identical in the chi = 0.1, 1 and 10 tables.
#
# Columns: nH [cm^-3], Tgas [K], then abundances relative to total hydrogen
# nuclei, x_i = n_i / nH. Species names carry `p` for a positive charge
# (Cp = C+, HCOp = HCO+, ...); `e` is the free-electron abundance.
#
# NOTE: column `2H2` is 2 * x(H2), i.e. the fraction of hydrogen nuclei locked
# in H2 -- divide by 2 to recover x(H2).
#
# NOTE: a few entries of very rare species may be slightly negative (of order
# 1e-18). That is numerical noise in the reference solver, not a physical
# value; treat any |x| below ~1e-17 as zero when comparing.
#
# nH                    Tgas                      CO                       C                      Cp                    HCOp                      OH                      CH                       O                      Op                     2H2                      Hp                     H2p                     H3p                     Hep                     Sip                       e
  1.0000000000000000e+01   1.2489991381407208e+03   2.5427000000000000e-22  -6.7773284780344030e-19   1.6000000000000001e-04   1.0649000000000000e-22   1.6591000000000000e-19   6.6764000000000004e-19   3.1999999999999986e-04   8.5568999999999995e-07   4.2598000000000001e-07   3.4508000000000000e-03   2.0732000000000000e-14   8.1289000000000004e-20   3.1772000000000001e-04   1.7000000000000000e-06   3.9302200000207316e-03
  1.0500000000000000e+01   1.1819932743140787e+03   3.4205000000000002e-22  -8.4039603367626597e-19   1.6000000000000001e-04   1.3935000000000000e-22   2.0994000000000001e-19   8.3719000000000003e-19   3.1999999999999981e-04   8.0818000000000003e-07   4.7585999999999997e-07   3.2729000000000000e-03   2.2057000000000000e-14   9.8632000000000001e-20   3.0304000000000003e-04   1.7000000000000000e-06   3.7376400000220570e-03
  1.1025000000000000e+01   1.1190658913371994e+03   4.5783999999999999e-22  -1.0572786281733669e-18   1.6000000000000001e-04   1.8151000000000001e-22   2.6440000000000001e-19   1.0446000000000000e-18   3.1999999999999976e-04   7.6303000000000002e-07   5.3030000000000003e-07   3.1042999999999999e-03   2.3412000000000001e-14   1.1911000000000001e-19   2.8905000000000001e-04   1.7000000000000000e-06   3.5550500000234115e-03
  1.1576000000000001e+01   1.0598278855032386e+03   6.1077000000000004e-22   9.9999999987206496e-09   1.5998999999999999e-04   2.3558999999999999e-22   3.3169000000000000e-19   1.3002999999999999e-18   3.1999999999999970e-04   7.2002000000000001e-07   5.8996000000000002e-07   2.9440999999999998e-03   2.4806000000000001e-14   1.4334999999999999e-19   2.7569999999999998e-04   1.7000000000000000e-06   3.3814900000248057e-03
  1.2154999999999999e+01   1.0035393546673988e+03   8.1281000000000002e-22   9.9999999983953195e-09   1.5998999999999999e-04   3.0485999999999999e-22   4.1479000000000002e-19   1.6167999999999999e-18   3.1999999999999959e-04   6.7889000000000001e-07   6.5553999999999995e-07   2.7915000000000001e-03   2.6253000000000001e-14   1.7210000000000001e-19   2.6290999999999999e-04   1.7000000000000000e-06   3.2161000000262528e-03
  1.2763000000000000e+01   9.4919752766214992e+02   1.0805999999999999e-21   9.9999999980157594e-09   1.5998999999999999e-04   3.9375000000000000e-22   5.1760000000000004e-19   2.0119000000000001e-18   3.1999999999999948e-04   6.3929999999999996e-07   7.2818000000000005e-07   2.6451999999999999e-03   2.7773000000000001e-14   2.0639999999999999e-19   2.5056999999999998e-04   1.7000000000000000e-06   3.0574600000277726e-03
  1.3401000000000000e+01   8.9899094169179114e+02   1.4282999999999999e-21   9.9999999975277559e-09   1.5998999999999999e-04   5.0571999999999998e-22   6.4214999999999999e-19   2.4905000000000000e-18   3.1999999999999938e-04   6.0189000000000005e-07   8.0643999999999996e-07   2.5071999999999998e-03   2.9295000000000003e-14   2.4616000000000002e-19   2.3889000000000001e-04   1.7000000000000000e-06   2.9077800000292951e-03
  1.4071000000000000e+01   8.5187299668123524e+02   1.8801000000000001e-21   9.9999999969584091e-09   1.5998999999999999e-04   6.4674000000000001e-22   7.9310000000000004e-19   3.0738999999999999e-18   3.1999999999999921e-04   5.6631000000000005e-07   8.9133999999999999e-07   2.3762000000000002e-03   3.0837999999999998e-14   2.9241999999999999e-19   2.2774000000000001e-04   1.7000000000000000e-06   2.7656300000308389e-03
  1.4775000000000000e+01   8.0723346866178383e+02   2.4665000000000000e-21   9.9999999962263956e-09   1.5998999999999999e-04   8.2394000000000003e-22   9.7560000000000003e-19   3.7874000000000004e-18   3.1999999999999905e-04   5.3234999999999997e-07   9.8361999999999991e-07   2.2515000000000000e-03   3.2411000000000001e-14   3.4629999999999999e-19   2.1707000000000001e-04   1.7000000000000000e-06   2.6302600000324117e-03
  1.5513000000000000e+01   7.6551171855558925e+02   3.2204999999999999e-21   9.9999999953588139e-09   1.5998999999999999e-04   1.0446999999999999e-21   1.1942000000000000e-18   4.6496000000000003e-18   3.1999999999999883e-04   5.0012999999999997e-07   1.0829799999999999e-06   2.1334000000000001e-03   3.3986999999999999e-14   4.0831000000000001e-19   2.0692000000000000e-04   1.7000000000000000e-06   2.5020100000339878e-03
  1.6289000000000001e+01   7.2614087165365868e+02   4.1884000000000003e-21   9.9999999943285472e-09   1.5998999999999999e-04   1.3189000000000000e-21   1.4552000000000000e-18   5.6942000000000001e-18   3.1999999999999856e-04   4.6945000000000001e-07   1.1901799999999999e-06   2.0211000000000001e-03   3.5573000000000003e-14   4.7967999999999998e-19   1.9720999999999999e-04   1.7000000000000000e-06   2.3800000000355733e-03
  1.7103000000000002e+01   6.8912243975307445e+02   5.4236000000000002e-21   9.9999999930542705e-09   1.5998999999999999e-04   1.6577000000000000e-21   1.7649000000000001e-18   6.9529999999999999e-18   3.1999999999999824e-04   4.4029999999999999e-07   1.3053600000000000e-06   1.9145000000000000e-03   3.7158000000000003e-14   5.6133000000000004e-19   1.8793999999999999e-04   1.7000000000000000e-06   2.2641300000371587e-03
  1.7959000000000000e+01   6.5590237523597762e+02   6.9668000000000001e-21   9.9999999915901856e-09   1.5998999999999999e-04   2.0693000000000001e-21   2.1259000000000000e-18   8.4172000000000002e-18   3.1999999999999791e-04   4.1315999999999998e-07   1.4258800000000001e-06   1.8148000000000001e-03   3.8658000000000003e-14   6.5208999999999995e-19   1.7925999999999999e-04   1.7000000000000000e-06   2.1557500000386589e-03
  1.8856000000000002e+01   6.2368054292350496e+02   8.9138000000000007e-21   9.9999999898820593e-09   1.5998999999999999e-04   2.5766999999999998e-21   2.5540000000000000e-18   1.0125000000000000e-17   3.1999999999999748e-04   3.8733000000000001e-07   1.5553400000000000e-06   1.7195999999999999e-03   4.0162000000000002e-14   7.5513000000000002e-19   1.7090000000000001e-04   1.7000000000000000e-06   2.0521900000401625e-03
  1.9798999999999999e+01   5.9320260190190436e+02   1.1399000000000000e-20   9.9999999877130395e-09   1.5998999999999999e-04   3.1922000000000000e-21   3.0517999999999998e-18   1.2299000000000001e-17   3.1999999999999699e-04   3.6234000000000000e-07   1.6956999999999999e-06   1.6285000000000000e-03   4.1702000000000001e-14   8.7382999999999992e-19   1.6285000000000000e-04   1.7000000000000000e-06   1.9530400000417030e-03
  2.0789000000000001e+01   5.6376840716466677e+02   1.4521000000000000e-20   9.9999999851102066e-09   1.5998999999999999e-04   3.9413000000000001e-21   3.6337999999999999e-18   1.4878000000000000e-17   3.1999999999999639e-04   3.3850999999999998e-07   1.8461400000000000e-06   1.5414999999999999e-03   4.3238999999999998e-14   9.9958000000000000e-19   1.5510000000000000e-04   1.7000000000000000e-06   1.8582900000432402e-03
  2.1829000000000001e+01   5.3656109986555862e+02   1.8387999999999999e-20   9.9999999821006456e-09   1.5998999999999999e-04   4.8410999999999998e-21   4.3040000000000004e-18   1.7890000000000000e-17   3.1999999999999574e-04   3.1615999999999999e-07   2.0043999999999998e-06   1.4595000000000001e-03   4.4710000000000000e-14   1.1567000000000000e-18   1.4776000000000001e-04   1.7000000000000000e-06   1.7689500000447112e-03
  2.2920000000000002e+01   5.0943563397605749e+02   2.3253999999999999e-20   9.9999999784132729e-09   1.5998999999999999e-04   5.9261999999999997e-21   5.0796000000000003e-18   2.1582000000000001e-17   3.1999999999999493e-04   2.9443999999999998e-07   2.1762000000000000e-06   1.3803000000000001e-03   4.6228000000000003e-14   1.3265000000000000e-18   1.4061000000000000e-04   1.7000000000000000e-06   1.6826000000462295e-03
  2.4065999999999999e+01   4.8567748410777506e+02   2.9165000000000000e-20   9.9999999742378091e-09   1.5998999999999999e-04   7.2109999999999997e-21   5.9586999999999997e-18   2.5756999999999999e-17   3.1999999999999401e-04   2.7457000000000000e-07   2.3526000000000001e-06   1.3068000000000001e-03   4.7596999999999998e-14   1.5102000000000001e-18   1.3395000000000000e-04   1.7000000000000000e-06   1.6024400000475988e-03
  2.5270000000000000e+01   4.6331659326268999e+02   3.6422000000000002e-20   9.9999999693302689e-09   1.5998999999999999e-04   8.7358999999999996e-21   6.9586999999999998e-18   3.0646000000000002e-17   3.1999999999999303e-04   2.5578999999999999e-07   2.5386000000000001e-06   1.2370000000000000e-03   4.8916999999999999e-14   1.7130000000000001e-18   1.2758999999999999e-04   1.7000000000000000e-06   1.5262800000489189e-03
  2.6533000000000001e+01   4.4226588370400458e+02   4.5292999999999998e-20   9.9999999636093009e-09   1.5998999999999999e-04   1.0538000000000000e-20   8.0909999999999995e-18   3.6356000000000000e-17   3.1999999999999189e-04   2.3806999999999999e-07   2.7346000000000000e-06   1.1708000000000001e-03   5.0183000000000003e-14   1.9366000000000002e-18   1.2152000000000000e-04   1.7000000000000000e-06   1.4540100000501851e-03
  2.7859999999999999e+01   4.2249527403571875e+02   5.6088000000000005e-20   9.9999999569664417e-09   1.5998999999999999e-04   1.2659000000000000e-20   9.3675000000000004e-18   4.2995000000000003e-17   3.1999999999999059e-04   2.2137000000000000e-07   2.9405999999999998e-06   1.1079000000000000e-03   5.1392000000000002e-14   2.1821000000000001e-18   1.1573000000000000e-04   1.7000000000000000e-06   1.3853200000513942e-03
  2.9253000000000000e+01   4.0390435122770970e+02   6.9172000000000005e-20   9.9999999492390164e-09   1.5998999999999999e-04   1.5143999999999999e-20   1.0800000000000000e-17   5.0687000000000002e-17   3.1999999999998918e-04   2.0566000000000000e-07   3.1566000000000000e-06   1.0483999999999999e-03   5.2540000000000003e-14   2.4508000000000001e-18   1.1020000000000000e-04   1.7000000000000000e-06   1.3202900000525424e-03
  3.0715000000000000e+01   3.8637531523926555e+02   8.4973000000000006e-20   9.9999999403185517e-09   1.5998999999999999e-04   1.8045000000000001e-20   1.2402000000000001e-17   5.9593000000000000e-17   3.1999999999998750e-04   1.9086999999999999e-07   3.3830000000000001e-06   9.9186000000000001e-04   5.3628000000000001e-14   2.7443000000000001e-18   1.0491000000000000e-04   1.7000000000000000e-06   1.2584600000536308e-03
  3.2250999999999998e+01   3.6989972830584117e+02   1.0396999999999999e-19   9.9999999300423629e-09   1.5998999999999999e-04   2.1418999999999999e-20   1.4185000000000000e-17   6.9847000000000001e-17   3.1999999999998571e-04   1.7699000000000000e-07   3.6202000000000001e-06   9.3828000000000000e-04   5.4651999999999999e-14   3.0637999999999998e-18   9.9865999999999996e-05   1.7000000000000000e-06   1.1998360000546552e-03
  3.3863999999999997e+01   3.5436399662606618e+02   1.2674999999999999e-19   9.9999999182206516e-09   1.5998999999999999e-04   2.5327000000000000e-20   1.6162999999999999e-17   8.1639999999999994e-17   3.1999999999998376e-04   1.6395999999999999e-07   3.8681999999999997e-06   8.8743999999999997e-04   5.5614000000000002e-14   3.4109000000000001e-18   9.5044999999999995e-05   1.7000000000000000e-06   1.1441750000556175e-03
  3.5557000000000002e+01   3.3972458527083251e+02   1.5395999999999999e-19   9.9999999046636114e-09   1.5998999999999999e-04   2.9839999999999999e-20   1.8349999999999999e-17   9.5158000000000005e-17   3.1999999999998149e-04   1.5173000000000000e-07   4.1273999999999996e-06   8.3922000000000001e-04   5.6511999999999997e-14   3.7872999999999999e-18   9.0439999999999995e-05   1.7000000000000000e-06   1.0913500000565160e-03
  3.7335000000000001e+01   3.2592916783984276e+02   1.8633999999999999e-19   1.9999999889176254e-08   1.5998000000000000e-04   3.5033000000000002e-20   2.0758999999999999e-17   1.1061000000000000e-16   3.1999999999997905e-04   1.4028999999999999e-07   4.3980000000000001e-06   7.9348999999999999e-04   5.7347999999999997e-14   4.1949999999999996e-18   8.6040999999999998e-05   1.7000000000000000e-06   1.0412110000573523e-03
  3.9201000000000001e+01   3.1292099747287972e+02   2.2477000000000001e-19   1.9999999871524908e-08   1.5998000000000000e-04   4.0990000000000002e-20   2.3405000000000001e-17   1.2822999999999999e-16   3.1999999999997634e-04   1.2958000000000000e-07   4.6804000000000001e-06   7.5011000000000001e-04   5.8122000000000002e-14   4.6342000000000003e-18   8.1839000000000000e-05   1.7000000000000000e-06   9.9362900005812668e-04
  4.1161000000000001e+01   3.0063453419580196e+02   2.7023000000000001e-19   1.9999999851406149e-08   1.5998000000000000e-04   4.7798999999999999e-20   2.6300000000000000e-17   1.4827999999999999e-16   3.1999999999997341e-04   1.1957000000000000e-07   4.9749999999999998e-06   7.0896000000000002e-04   5.8836000000000005e-14   5.1083999999999997e-18   7.7820999999999999e-05   1.7000000000000000e-06   9.4846100005884111e-04
  4.3219000000000001e+01   2.8903928036126416e+02   3.2385000000000001e-19   1.9999999828603036e-08   1.5998000000000000e-04   5.5561000000000001e-20   2.9460000000000002e-17   1.7102999999999999e-16   3.1999999999997021e-04   1.1023000000000000e-07   5.2822000000000000e-06   6.6994000000000005e-04   5.9489999999999994e-14   5.6189000000000002e-18   7.3983000000000000e-05   1.7000000000000000e-06   9.0560300005949575e-04
  4.5380000000000003e+01   2.7808280368404638e+02   3.8692000000000000e-19   1.9999999802790203e-08   1.5998000000000000e-04   6.4381000000000002e-20   3.2897999999999999e-17   1.9678999999999999e-16   3.1999999999996669e-04   1.0152000000000000e-07   5.6023999999999999e-06   6.3292000000000003e-04   6.0086999999999997e-14   6.1679000000000001e-18   7.0314999999999993e-05   1.7000000000000000e-06   8.6491500006009327e-04
  4.7649000000000001e+01   2.6773018153482832e+02   4.6089999999999999e-19   1.9999999773588064e-08   1.5998000000000000e-04   7.4375999999999995e-20   3.6630000000000003e-17   2.2589000000000001e-16   3.1999999999996284e-04   9.3406999999999997e-08   5.9362000000000000e-06   5.9781000000000005e-04   6.0627999999999997e-14   6.7573000000000002e-18   6.6809000000000004e-05   1.7000000000000000e-06   8.2629900006063483e-04
  5.0031999999999996e+01   2.5793332140094958e+02   5.4745000000000002e-19   1.9999999740698340e-08   1.5998000000000000e-04   8.5668999999999996e-20   4.0668999999999998e-17   2.5869000000000002e-16   3.1999999999995872e-04   8.5855999999999998e-08   6.2837999999999999e-06   5.6450999999999995e-04   6.1115999999999997e-14   7.3895000000000006e-18   6.3458000000000001e-05   1.7000000000000000e-06   7.8964800006112341e-04
  5.2533000000000001e+01   2.4866603766367720e+02   6.4846000000000003e-19   1.9999999703687212e-08   1.5998000000000000e-04   9.8397000000000001e-20   4.5029000000000003e-17   2.9558999999999999e-16   3.1999999999995422e-04   7.8839999999999997e-08   6.6458000000000000e-06   5.3293999999999998e-04   6.1553000000000003e-14   8.0668999999999998e-18   6.0254999999999998e-05   1.7000000000000000e-06   7.5487500006156101e-04
  5.5159999999999997e+01   2.3989775350348995e+02   7.6604000000000003e-19   1.9999999662147969e-08   1.5998000000000000e-04   1.1270000000000001e-19   4.9726000000000002e-17   3.3698999999999998e-16   3.1999999999994945e-04   7.2326999999999996e-08   7.0230000000000004e-06   5.0299000000000003e-04   6.1940999999999996e-14   8.7920000000000007e-18   5.7194000000000002e-05   1.7000000000000000e-06   7.2186400006194992e-04
  5.7917999999999999e+01   2.3158909961261435e+02   9.0261000000000005e-19   1.9999999615619655e-08   1.5998000000000000e-04   1.2874000000000001e-19   5.4771999999999998e-17   3.8337999999999998e-16   3.1999999999994424e-04   6.6287000000000003e-08   7.4158000000000002e-06   4.7458999999999999e-04   6.2283000000000003e-14   9.5674000000000004e-18   5.4268999999999998e-05   1.7000000000000000e-06   6.9053900006229262e-04
  6.0814000000000000e+01   2.2371823949895926e+02   1.0609000000000001e-18   1.9999999563560031e-08   1.5998000000000000e-04   1.4666000000000001e-19   6.0181000000000004e-17   4.3524000000000000e-16   3.1999999999993861e-04   6.0694000000000001e-08   7.8250000000000005e-06   4.4767000000000000e-04   6.2579999999999997e-14   1.0396000000000001e-17   5.1473000000000000e-05   1.7000000000000000e-06   6.6082300006259061e-04
  6.3854999999999997e+01   2.1625017522695018e+02   1.2438000000000001e-18   2.9999999505502930e-08   1.5997000000000000e-04   1.6666000000000000e-19   6.5965999999999996e-17   4.9309999999999997e-16   3.1999999999993264e-04   5.5519000000000002e-08   8.2509999999999994e-06   4.2213999999999999e-04   6.2836000000000001e-14   1.1281000000000000e-17   4.8801999999999998e-05   1.7000000000000000e-06   6.3261200006284747e-04
  6.7048000000000002e+01   2.0917181883175118e+02   1.4550000000000000e-18   2.9999999440808043e-08   1.5997000000000000e-04   1.8889000000000001e-19   7.2141000000000005e-17   5.5754999999999996e-16   3.1999999999992625e-04   5.0738000000000001e-08   8.6950000000000006e-06   3.9794000000000000e-04   6.3052000000000000e-14   1.2224000000000001e-17   4.6249999999999999e-05   1.7000000000000000e-06   6.0586000006306441e-04
  7.0400000000000006e+01   2.0245253893455592e+02   1.6981000000000000e-18   2.9999999368900756e-08   1.5997000000000000e-04   2.1357000000000000e-19   7.8716999999999998e-17   6.2920000000000005e-16   3.1999999999991942e-04   4.6323999999999998e-08   9.1573999999999998e-06   3.7500000000000001e-04   6.3230999999999996e-14   1.3231000000000000e-17   4.3810999999999998e-05   1.7000000000000000e-06   5.8048100006324443e-04
  7.3920000000000002e+01   1.9607485144109597e+02   1.9775000000000001e-18   2.9999999289076159e-08   1.5997000000000000e-04   2.4089000000000002e-19   8.5705999999999997e-17   7.0871000000000003e-16   3.1999999999991215e-04   4.2254999999999997e-08   9.6392000000000008e-06   3.5325999999999999e-04   6.3374999999999995e-14   1.4302000000000000e-17   4.1482000000000000e-05   1.7000000000000000e-06   5.5641200006338945e-04
  7.7616000000000000e+01   1.9001688235203170e+02   2.2978999999999999e-18   2.9999999200656428e-08   1.5997000000000000e-04   2.7104000000000001e-19   9.3119999999999998e-17   7.9678999999999998e-16   3.1999999999990435e-04   3.8508000000000003e-08   1.0141399999999999e-05   3.3264999999999998e-04   6.3487000000000000e-14   1.5443999999999999e-17   3.9258000000000003e-05   1.7000000000000000e-06   5.3357800006350264e-04
  8.1497000000000000e+01   1.8426113342652638e+02   2.6647000000000002e-18   2.9999999102828172e-08   1.5997000000000000e-04   3.0426000000000002e-19   1.0097000000000000e-16   8.9420999999999999e-16   3.1999999999989605e-04   3.5062000000000000e-08   1.0664600000000000e-05   3.1313000000000001e-04   6.3567999999999995e-14   1.6657999999999999e-17   3.7134000000000001e-05   1.7000000000000000e-06   5.1193400006358490e-04
  8.5572000000000003e+01   1.7879010504855290e+02   3.0838000000000001e-18   2.9999998994886456e-08   1.5997000000000000e-04   3.4075000000000000e-19   1.0926000000000000e-16   1.0017000000000001e-15   3.1999999999988738e-04   3.1895000000000002e-08   1.1209999999999999e-05   2.9463999999999998e-04   6.3620999999999995e-14   1.7948999999999999e-17   3.5107000000000001e-05   1.7000000000000000e-06   4.9141700006363927e-04
  8.9849999999999994e+01   1.7359068005893067e+02   3.5619000000000003e-18   2.9999998875773963e-08   1.5997000000000000e-04   3.8074000000000000e-19   1.1799999999999999e-16   1.1203000000000001e-15   3.1999999999987805e-04   2.8988999999999999e-08   1.1778599999999999e-05   2.7712000000000000e-04   6.3646999999999996e-14   1.9319999999999999e-17   3.3173000000000002e-05   1.7000000000000000e-06   4.7196300006366668e-04
  9.4343000000000004e+01   1.6864096091432489e+02   4.1061999999999998e-18   3.9999998744780559e-08   1.5996000000000001e-04   4.2444999999999998e-19   1.2721000000000000e-16   1.2507000000000000e-15   3.1999999999986824e-04   2.6324999999999999e-08   1.2371600000000000e-05   2.6054000000000002e-04   6.3649000000000002e-14   2.0777000000000000e-17   3.1328000000000002e-05   1.7000000000000000e-06   4.5352800006367023e-04
  9.9060000000000002e+01   1.6393220688100283e+02   4.7249999999999999e-18   3.9999998600805049e-08   1.5996000000000001e-04   4.7212000000000003e-19   1.3687999999999999e-16   1.3940000000000000e-15   3.1999999999985794e-04   2.3886000000000000e-08   1.2989999999999999e-05   2.4484000000000002e-04   6.3629000000000006e-14   2.2321000000000000e-17   2.9567999999999999e-05   1.7000000000000000e-06   4.3606800006365184e-04
  1.0401000000000001e+02   1.5945128886993456e+02   5.4271999999999999e-18   3.9999998442757840e-08   1.5996000000000001e-04   5.2396999999999997e-19   1.4702000000000000e-16   1.5513000000000000e-15   3.1999999999984705e-04   2.1654000000000000e-08   1.3635199999999999e-05   2.2997999999999999e-04   6.3588000000000004e-14   2.3959999999999999e-17   2.7891000000000001e-05   1.7000000000000000e-06   4.1953100006361248e-04
  1.0920999999999999e+02   1.5518507534916753e+02   6.2227999999999997e-18   3.9999998269690017e-08   1.5996000000000001e-04   5.8022999999999999e-19   1.5763000000000001e-16   1.7234999999999999e-15   3.1999999999983555e-04   1.9615000000000001e-08   1.4308200000000000e-05   2.1591000000000001e-04   6.3528000000000002e-14   2.5695999999999999e-17   2.6291999999999998e-05   1.7000000000000000e-06   4.0386200006355431e-04
  1.1467000000000000e+02   1.5112042750432175e+02   7.1226999999999999e-18   3.9999998080435870e-08   1.5996000000000001e-04   6.4110000000000000e-19   1.6873000000000001e-16   1.9118000000000000e-15   3.1999999999982352e-04   1.7754999999999999e-08   1.5010800000000000e-05   2.0261000000000001e-04   6.3449999999999997e-14   2.7535000000000000e-17   2.4769999999999998e-05   1.7000000000000000e-06   3.8904000006347820e-04
  1.2041000000000000e+02   1.4724859746312984e+02   8.1392000000000006e-18   4.9999997873770264e-08   1.5995000000000001e-04   7.0679999999999997e-19   1.8029999999999999e-16   2.1174000000000001e-15   3.1999999999981089e-04   1.6058000000000001e-08   1.5744000000000000e-05   1.9002999999999999e-04   6.3357000000000005e-14   2.9480000000000000e-17   2.3320000000000000e-05   1.7000000000000000e-06   3.7500000006338718e-04
  1.2643000000000001e+02   1.4356082813791463e+02   9.2856999999999998e-18   4.9999997648239701e-08   1.5995000000000001e-04   7.7751999999999997e-19   1.9235000000000001e-16   2.3417000000000002e-15   3.1999999999979766e-04   1.4513000000000001e-08   1.6509599999999999e-05   1.7814000000000000e-04   6.3248999999999999e-14   3.1537000000000001e-17   2.1940999999999999e-05   1.7000000000000000e-06   3.6173100006328131e-04
  1.3275000000000000e+02   1.4004397805532636e+02   1.0577000000000000e-17   4.9999997402673296e-08   1.5995000000000001e-04   8.5344999999999997e-19   2.0486999999999999e-16   2.5859000000000001e-15   3.1999999999978373e-04   1.3106000000000000e-08   1.7309200000000000e-05   1.6691000000000001e-04   6.3127999999999999e-14   3.3709999999999997e-17   2.0628999999999998e-05   1.7000000000000000e-06   3.4918900006316255e-04
  1.3938999999999999e+02   1.3669367811721071e+02   1.2027999999999999e-17   4.9999997135525907e-08   1.5995000000000001e-04   9.3474000000000004e-19   2.1787000000000000e-16   2.8514999999999999e-15   3.1999999999976920e-04   1.1828000000000000e-08   1.8144399999999999e-05   1.5630000000000000e-04   6.2995999999999997e-14   3.6004999999999999e-17   1.9381999999999998e-05   1.7000000000000000e-06   3.3733200006303294e-04
  1.4636000000000001e+02   1.3349678328339309e+02   1.3659000000000000e-17   5.9999996845436998e-08   1.5993999999999999e-04   1.0214999999999999e-18   2.3133000000000000e-16   3.1399000000000000e-15   3.1999999999975402e-04   1.0667000000000000e-08   1.9016800000000001e-05   1.4627999999999999e-04   6.2852999999999995e-14   3.8424999999999997e-17   1.8198000000000001e-05   1.7000000000000000e-06   3.2611800006289242e-04
  1.5366999999999999e+02   1.3044891830298192e+02   1.5487000000000001e-17   5.9999996530736134e-08   1.5993999999999999e-04   1.1140000000000000e-18   2.4524999999999999e-16   3.4526999999999999e-15   3.1999999999973814e-04   9.6143999999999994e-09   1.9928400000000000e-05   1.3682000000000001e-04   6.2700000000000000e-14   4.0977000000000000e-17   1.7073000000000001e-05   1.7000000000000000e-06   3.1553300006274208e-04
  1.6136000000000001e+02   1.2754132159371630e+02   1.7535000000000001e-17   5.9999996189764861e-08   1.5993999999999999e-04   1.2121000000000001e-18   2.5962999999999999e-16   3.7915000000000002e-15   3.1999999999972171e-04   8.6599000000000007e-09   2.0882000000000001e-05   1.2789999999999999e-04   6.2540000000000004e-14   4.3663999999999998e-17   1.6007000000000001e-05   1.7000000000000000e-06   3.0554700006258479e-04
  1.6943000000000001e+02   1.2476523201317170e+02   1.9825000000000000e-17   6.9999995820782999e-08   1.5993000000000000e-04   1.3161000000000001e-18   2.7443999999999998e-16   4.1581000000000003e-15   3.1999999999970442e-04   7.7955000000000002e-09   2.1878000000000000e-05   1.1949000000000000e-04   6.2371999999999997e-14   4.6492000000000002e-17   1.4995000000000000e-05   1.7000000000000000e-06   2.9611500006241980e-04
  1.7790000000000001e+02   1.2211626966917808e+02   2.2384000000000000e-17   6.9999995422093485e-08   1.5993000000000000e-04   1.4258000000000000e-18   2.8968999999999998e-16   4.5541000000000004e-15   3.1999999999968653e-04   7.0133999999999998e-09   2.2918000000000000e-05   1.1157000000000000e-04   6.2197999999999997e-14   4.9465000000000000e-17   1.4038000000000000e-05   1.7000000000000000e-06   2.8723800006224886e-04
  1.8678999999999999e+02   1.1959006047402974e+02   2.5240000000000001e-17   6.9999994991739457e-08   1.5993000000000000e-04   1.5413000000000000e-18   3.0534000000000000e-16   4.9815000000000002e-15   3.1999999999966788e-04   6.3063000000000000e-09   2.4008000000000001e-05   1.0410000000000000e-04   6.2019000000000001e-14   5.2587999999999998e-17   1.3131000000000000e-05   1.7000000000000000e-06   2.7886100006207311e-04
  1.9613000000000000e+02   1.1717344915264994e+02   2.8422999999999997e-17   7.9999994527628648e-08   1.5992000000000000e-04   1.6625999999999999e-18   3.2140000000000001e-16   5.4423000000000001e-15   3.1999999999964853e-04   5.6675999999999997e-09   2.5145999999999999e-05   9.7079999999999999e-05   6.1836000000000005e-14   5.5866999999999994e-17   1.2272999999999999e-05   1.7000000000000000e-06   2.7097300006189356e-04
  2.0594000000000000e+02   1.1487083094898128e+02   3.1965999999999998e-17   7.9999994027874286e-08   1.5992000000000000e-04   1.7895000000000000e-18   3.3783999999999998e-16   5.9383999999999996e-15   3.1999999999962842e-04   5.0909999999999999e-09   2.6338000000000001e-05   9.0474000000000001e-05   6.1648000000000001e-14   5.9304999999999997e-17   1.1463000000000000e-05   1.7000000000000000e-06   2.6355700006170909e-04
  2.1622999999999999e+02   1.1266466496621173e+02   3.5906999999999999e-17   8.9999993490080849e-08   1.5991000000000001e-04   1.9219000000000002e-18   3.5463999999999998e-16   6.4721000000000004e-15   3.1999999999960760e-04   4.5710000000000000e-09   2.7586000000000000e-05   8.4264999999999994e-05   6.1458000000000004e-14   6.2907000000000006e-17   1.0698000000000000e-05   1.7000000000000000e-06   2.5657300006152279e-04
  2.2705000000000001e+02   1.1055934326928094e+02   4.0286000000000003e-17   8.9999992912063289e-08   1.5991000000000001e-04   2.0596999999999999e-18   3.7179000000000002e-16   7.0455999999999999e-15   3.1999999999958592e-04   4.1022999999999998e-09   2.8890000000000000e-05   7.8434000000000002e-05   6.1265000000000005e-14   6.6677999999999996e-17   9.9768999999999993e-06   1.7000000000000000e-06   2.5002090006133373e-04
  2.3840000000000001e+02   1.0854171181226783e+02   4.5146000000000003e-17   9.9999992291344903e-08   1.5990000000000001e-04   2.2026999999999998e-18   3.8925000000000001e-16   7.6613000000000001e-15   3.1999999999956342e-04   3.6802000000000002e-09   3.0256000000000000e-05   7.2960000000000006e-05   6.1069999999999999e-14   7.0623000000000004e-17   9.2969999999999992e-06   1.7000000000000000e-06   2.4385700006114282e-04
  2.5031999999999999e+02   1.0661616257210284e+02   5.0534999999999998e-17   1.0999999162543757e-07   1.5988999999999999e-04   2.3504999999999999e-18   4.0702000000000001e-16   8.3216999999999995e-15   3.1999999999954016e-04   3.3001999999999998e-09   3.1683999999999997e-05   6.7827000000000000e-05   6.0873999999999996e-14   7.4744999999999995e-17   8.6571000000000005e-06   1.7000000000000000e-06   2.3807410006095107e-04
  2.6282999999999998e+02   1.0476953724644868e+02   5.6507000000000003e-17   1.0999999091160900e-07   1.5988999999999999e-04   2.5030000000000001e-18   4.2506000000000000e-16   9.0293999999999996e-15   3.1999999999951598e-04   2.9583000000000000e-09   3.3179999999999997e-05   6.3015999999999994e-05   6.0677999999999994e-14   7.9049999999999998e-17   8.0552000000000004e-06   1.7000000000000000e-06   2.3266120006075949e-04
  2.7598000000000002e+02   1.0300184255102005e+02   6.3118000000000006e-17   1.1999999014713879e-07   1.5987999999999999e-04   2.6597000000000002e-18   4.4336000000000002e-16   9.7871000000000000e-15   3.1999999999949088e-04   2.6510000000000000e-09   3.4748000000000000e-05   5.8511000000000003e-05   6.0480999999999995e-14   8.3541000000000003e-17   7.4899000000000001e-06   1.6999000000000000e-06   2.2758080006056718e-04
  2.8977999999999997e+02   1.0130869404696031e+02   7.0430999999999998e-17   1.2999998932877974e-07   1.5987000000000000e-04   2.8204000000000000e-18   4.6188000000000002e-16   1.0598000000000001e-14   3.1999999999946492e-04   2.3749000000000001e-09   3.6387999999999998e-05   5.4296999999999999e-05   6.0283999999999996e-14   8.8222999999999997e-17   6.9592999999999996e-06   1.6999000000000000e-06   2.2282620006037506e-04
  3.0425999999999999e+02   9.9685707306980063e+01   7.8515999999999997e-17   1.2999998845350177e-07   1.5987000000000000e-04   2.9845999999999999e-18   4.8059999999999996e-16   1.1465000000000000e-14   3.1999999999943792e-04   2.1269000000000002e-09   3.8104000000000000e-05   5.0358000000000001e-05   6.0088000000000006e-14   9.3101000000000004e-17   6.4618999999999999e-06   1.6999000000000000e-06   2.1838980006018410e-04
  3.1948000000000002e+02   9.8128500497223328e+01   8.7449000000000004e-17   1.3999998751942455e-07   1.5986000000000000e-04   3.1519999999999999e-18   4.9950000000000003e-16   1.2390000000000000e-14   3.1999999999940995e-04   1.9042000000000001e-09   3.9904000000000003e-05   4.6678000000000003e-05   5.9892000000000004e-14   9.8178999999999995e-17   5.9962000000000003e-06   1.6999000000000000e-06   2.1423410005999333e-04
  3.3544999999999999e+02   9.6632688055430393e+01   9.7311000000000002e-17   1.4999998652037371e-07   1.5985000000000001e-04   3.3221999999999999e-18   5.1855000000000001e-16   1.3379000000000001e-14   3.1999999999938084e-04   1.7045000000000001e-09   4.1788000000000000e-05   4.3244999999999997e-05   5.9696999999999998e-14   1.0346000000000000e-16   5.5605000000000004e-06   1.6999000000000000e-06   2.1035540005980382e-04
  3.5222000000000003e+02   9.5193885504625314e+01   1.0819000000000000e-16   1.5999998545431687e-07   1.5983999999999999e-04   3.4947000000000004e-18   5.3772999999999996e-16   1.4434000000000001e-14   3.1999999999935064e-04   1.5253999999999999e-09   4.3760000000000001e-05   4.0043999999999998e-05   5.9503999999999998e-14   1.0895000000000000e-16   5.1534999999999999e-06   1.6999000000000000e-06   2.0673740005961643e-04
  3.6983999999999997e+02   9.3812095919994746e+01   1.2020000000000001e-16   1.6999998431713446e-07   1.5982999999999999e-04   3.6691000000000000e-18   5.5699999999999998e-16   1.5558999999999999e-14   3.1999999999931915e-04   1.3648000000000001e-09   4.5825999999999998e-05   3.7061999999999999e-05   5.9311999999999995e-14   1.1466000000000000e-16   4.7735000000000001e-06   1.6999000000000000e-06   2.0336540005943033e-04
  3.8832999999999998e+02   9.2482934237616703e+01   1.3344000000000000e-16   1.7999998310473405e-07   1.5982000000000000e-04   3.8450000000000000e-18   5.7635999999999996e-16   1.6758000000000000e-14   3.1999999999928635e-04   1.2209000000000000e-09   4.7991999999999997e-05   3.4286999999999999e-05   5.9121000000000001e-14   1.2058000000000000e-16   4.4193000000000002e-06   1.6999000000000000e-06   2.0022620005924545e-04
  4.0774000000000001e+02   9.1197628094963861e+01   1.4802000000000001e-16   1.9999998181296375e-07   1.5980000000000001e-04   4.0219999999999999e-18   5.9577999999999999e-16   1.8034999999999999e-14   3.1999999999925225e-04   1.0920000000000000e-09   5.0260000000000003e-05   3.1705999999999998e-05   5.8932999999999997e-14   1.2672999999999999e-16   4.0893000000000000e-06   1.6999000000000000e-06   1.9729520005906377e-04
  4.2813000000000000e+02   8.9960565938906086e+01   1.6409999999999999e-16   2.0999998043671148e-07   1.5979000000000001e-04   4.1997000000000001e-18   6.1524000000000001e-16   1.9394999999999999e-14   3.1999999999921653e-04   9.7659000000000004e-10   5.2633999999999998e-05   2.9308000000000001e-05   5.8746000000000003e-14   1.3311000000000001e-16   3.7824000000000000e-06   1.6999000000000000e-06   1.9458030005888334e-04
  4.4954000000000002e+02   8.8767363152748914e+01   1.8180999999999999e-16   2.1999997897182537e-07   1.5977999999999999e-04   4.3777000000000002e-18   6.3472999999999996e-16   2.0841999999999999e-14   3.1999999999917907e-04   8.7327000000000003e-10   5.5124000000000003e-05   2.7081999999999999e-05   5.8561000000000002e-14   1.3973000000000000e-16   3.4970000000000001e-06   1.6999000000000000e-06   1.9205890005870513e-04
  4.7200999999999999e+02   8.7613634458138478e+01   2.0131000000000001e-16   2.3999997741214760e-07   1.5976000000000000e-04   4.5558000000000001e-18   6.5422000000000001e-16   2.2382000000000001e-14   3.1999999999913993e-04   7.8081000000000002e-10   5.7729999999999998e-05   2.5017000000000001e-05   5.8376999999999997e-14   1.4659000000000001e-16   3.2320999999999999e-06   1.6999000000000000e-06   1.8970900005852814e-04
  4.9561000000000001e+02   8.6494993015377673e+01   2.2279000000000002e-16   2.5999997575345551e-07   1.5974000000000001e-04   4.7335000000000003e-18   6.7372000000000003e-16   2.4018999999999998e-14   3.1999999999909878e-04   6.9810000000000000e-10   6.0460000000000001e-05   2.3104000000000001e-05   5.8195999999999995e-14   1.5371000000000001e-16   2.9863000000000001e-06   1.6999000000000000e-06   1.8753020005835447e-04
  5.2039999999999998e+02   8.5415828773603877e+01   2.4644000000000002e-16   2.7999997398867467e-07   1.5972000000000000e-04   4.9107000000000004e-18   6.9320999999999998e-16   2.5759999999999999e-14   3.1999999999905547e-04   6.2412999999999999e-10   6.3322000000000001e-05   2.1331000000000000e-05   5.8016999999999999e-14   1.6108000000000000e-16   2.7584999999999999e-06   1.6999000000000000e-06   1.8550940005818302e-04
  5.4640999999999997e+02   8.4367366456616111e+01   2.7249000000000002e-16   2.8999997211244382e-07   1.5971000000000000e-04   5.0872000000000002e-18   7.1267999999999998e-16   2.7609999999999999e-14   3.1999999999900972e-04   5.5798999999999995e-10   6.6320000000000002e-05   1.9690999999999998e-05   5.7839999999999996e-14   1.6872000000000001e-16   2.5476000000000000e-06   1.6999000000000000e-06   1.8364850005801384e-04
  5.7374000000000001e+02   8.3353997933455318e+01   3.0116000000000000e-16   3.1999997011859462e-07   1.5967999999999999e-04   5.2628000000000002e-18   7.3214999999999998e-16   2.9575000000000003e-14   3.1999999999896147e-04   4.9886999999999995e-10   6.9460000000000002e-05   1.8173999999999999e-05   5.7665000000000000e-14   1.7664000000000000e-16   2.3524000000000001e-06   1.6999000000000000e-06   1.8190630005784691e-04
  6.0241999999999996e+02   8.2366946401471566e+01   3.3274000000000001e-16   3.3999996799982447e-07   1.5966000000000000e-04   5.4373000000000003e-18   7.5161000000000000e-16   3.1662000000000001e-14   3.1999999999891024e-04   4.4603000000000001e-10   7.2750000000000007e-05   1.6772000000000001e-05   5.7491999999999996e-14   1.8485000000000001e-16   2.1720000000000001e-06   1.6998000000000000e-06   1.8030380005768228e-04
  6.3253999999999996e+02   8.1410601823825800e+01   3.6750999999999998e-16   3.5999996574886403e-07   1.5964000000000001e-04   5.6108000000000002e-18   7.7107000000000002e-16   3.3877999999999997e-14   3.1999999999885581e-04   3.9882000000000002e-10   7.6196000000000000e-05   1.5478000000000000e-05   5.7320999999999999e-14   1.9335000000000000e-16   2.0051999999999999e-06   1.6998000000000000e-06   1.7882300005751998e-04
  6.6416999999999996e+02   8.0480578382356569e+01   4.0580000000000001e-16   3.8999996335944684e-07   1.5961000000000000e-04   5.7832000000000002e-18   7.9054000000000002e-16   3.6228999999999998e-14   3.1999999999879786e-04   3.5665000000000000e-10   7.9806000000000001e-05   1.4282000000000000e-05   5.7151999999999995e-14   2.0216999999999999e-16   1.8513000000000000e-06   1.6998000000000000e-06   1.7744310005735997e-04
  6.9738000000000000e+02   7.9572488398556231e+01   4.4798000000000003e-16   4.1999996082209134e-07   1.5957999999999999e-04   5.9545999999999999e-18   8.1005000000000002e-16   3.8723999999999997e-14   3.1999999999873601e-04   3.1898000000000002e-10   8.3590000000000004e-05   1.3179000000000000e-05   5.6984999999999996e-14   2.1131000000000000e-16   1.7093000000000001e-06   1.6998000000000000e-06   1.7616810005720223e-04
  7.3225000000000000e+02   7.8695108972899789e+01   4.9444000000000000e-16   4.4999995813042760e-07   1.5955000000000000e-04   6.1250999999999999e-18   8.2960999999999999e-16   4.1369000000000001e-14   3.1999999999866982e-04   2.8535000000000000e-10   8.7553999999999996e-05   1.2162000000000000e-05   5.6821000000000001e-14   2.2078000000000001e-16   1.5782000000000000e-06   1.6998000000000000e-06   1.7499000005704790e-04
  7.6886000000000001e+02   7.7835276971762852e+01   5.4564000000000003e-16   4.7999995527307146e-07   1.5951999999999999e-04   6.2947999999999998e-18   8.4926000000000002e-16   4.4174999999999999e-14   3.1999999999859886e-04   2.5531000000000002e-10   9.1706000000000006e-05   1.1225000000000000e-05   5.6658000000000002e-14   2.3061000000000001e-16   1.4575000000000000e-06   1.6998000000000000e-06   1.7390230005689486e-04
  8.0729999999999995e+02   7.7001769725457038e+01   6.0204000000000002e-16   5.0999995224351755e-07   1.5949000000000001e-04   6.4638999999999999e-18   8.6901999999999997e-16   4.7148000000000000e-14   3.1999999999852248e-04   2.2850000000000001e-10   9.6057999999999994e-05   1.0360000000000001e-05   5.6497000000000003e-14   2.4081000000000001e-16   1.3461999999999999e-06   1.6997000000000000e-06   1.7289590005674425e-04
  8.4766999999999996e+02   7.6190200443046265e+01   6.6421000000000000e-16   5.4999994903015919e-07   1.5945000000000000e-04   6.6329000000000004e-18   8.8893000000000003e-16   5.0299000000000001e-14   3.1999999999844024e-04   2.0455999999999999e-10   1.0061600000000000e-04   9.5644999999999997e-06   5.6339000000000000e-14   2.5138999999999998e-16   1.2437000000000001e-06   1.6997000000000000e-06   1.7195790005659702e-04
  8.9004999999999995e+02   7.5396181478284902e+01   7.3273999999999995e-16   5.8999994562449058e-07   1.5940999999999999e-04   6.8018000000000003e-18   9.0904000000000007e-16   5.3636000000000000e-14   3.1999999999835144e-04   1.8320000000000000e-10   1.0539400000000000e-04   8.8315000000000001e-06   5.6182000000000000e-14   2.6237999999999999e-16   1.1492999999999999e-06   1.6997000000000000e-06   1.7109050005645118e-04
  9.3454999999999995e+02   7.4624101623248549e+01   8.0828999999999997e-16   6.2999994201575037e-07   1.5936999999999999e-04   6.9712000000000003e-18   9.2938999999999990e-16   5.7169000000000001e-14   3.1999999999825538e-04   1.6412000000000000e-10   1.1040000000000000e-04   8.1565000000000006e-06   5.6028000000000002e-14   2.7379999999999998e-16   1.0624000000000000e-06   1.6997000000000000e-06   1.7028860005630873e-04
  9.8127999999999997e+02   7.3873962309187405e+01   8.9159999999999993e-16   6.7999993819227779e-07   1.5932000000000001e-04   7.1415000000000001e-18   9.5002999999999998e-16   6.0909000000000006e-14   3.1999999999815124e-04   1.4709999999999999e-10   1.1564400000000001e-04   7.5352000000000003e-06   5.5875999999999998e-14   2.8565999999999999e-16   9.8240999999999997e-07   1.6997000000000000e-06   1.6953731005616880e-04
